total:  0.6856540084388185
F:  0.6700404858299596
NF:  0.7026431718061674
